%YAML:1.0
---
model_type: PINHOLE
camera_name: narrow_stereo
image_width: 1280
image_height: 1024
distortion_parameters:
   k1: -0.244701
   k2: 0.039484
   p1: 0.000995
   p2: 0.002945
projection_parameters:
   fx: 430.251406
   fy: 430.982917
   cx: 584.299083
   cy: 511.317313
